-2606.35 -7596.87
5840.89 -7124.66
-5046.01 -5720.9
-8678.07 5374.14
-2029.97 2044.73
-5653.46 -9512.57
-5152.32 8847.38
3069.9 -2112.79
-868.564 2221.22
-782.356 -8968.56
-1524.6 6432.02
-7800.29 4501.34
7173.16 -6542.6
2147.23 -2455.02
3111.58 3047.11
2485.18 3004.41
3801.36 -3377.9
-6769.81 4250.14
-7077.89 2959.98
-3368.48 -2998.8
286.968 3261.54
-2391.82 -8537.61
8603.2 9601.14
699.873 -3893.99
1687.64 7706.94
-392.697 9114.53
-3810.38 61.903
8772.55 -5304.85
1311.77 2442.75
7419.63 1804.06
-8415.07 -1196.99
-1683.8 9602.49
6869.98 -4112.13
-3609.94 -8883.13
-1221.88 3320.96
8237.7 281.263
7411.16 -8289.86
9597.51 8504.38
-3871.75 4418.8
34.8421 -8202.08
-9382.69 1282.45
-8306.04 -4479.89
3260.43 -945.814
-3194.19 9224.35
-363.971 1962.6
-1062.53 -3084.95
-8732.09 -8913.2
-9197.84 4580.35
9452.39 8595.64
9794.03 5349.89
4368.04 -4548.8
-5468.44 3194.25
-877.818 9459.26
-3950.37 5827.67
6348.79 -7571.18
2764.84 6992.16
-4784.27 -4511.41
932.8 -682.331
2927.57 -4439.48
6118.6 637.519
-9221.09 3964.35
1538.16 -3405.33
5085.69 -4146.22
-9722.45 -2711.36
-9960.74 8927.79
-1530.17 1371.56
6457.71 4117.51
7375.31 5454.55
-3075.36 2726.71
9948.71 -9985.12
-6324.7 -4680.41
-9016.78 476.251
-9538.02 6863.57
-7553.27 -392.936
8742.75 8198.3
8385.08 4982.5
-4129.81 7438.61
-4942.11 -8576.87
-3367.48 1923.16
-8264.85 1282.47
-5246.52 6571.06
6958.51 9597.62
-2641.15 2856.44
7417.4 7940.76
9051.08 4537.69
5096.92 -5018.56
-8196.54 9117.65
9353.18 3912.36
8657.04 -7045
-6363.18 -7256.9
-5564.91 -3455.17
1064.99 9197.35
9533.44 7356.88
1019.03 -7388.36
-4821.15 5135.64
-6642.72 946.451
1674.87 8816.56
-5961.78 -7004.77
-9361.56 6482.77
8237.9 6714.99
